Пункт 7 
3 трубка d=3,95+-0,05мм
Дельта Р(делений)    Qлитр/минута
5  0,354
10 0,757
15 1,145
20 1,555
25 1,919
30 2,259
35 2,624
40 2,951
45 3,384
50 3,746
55 4,086
60 4,403
65 4,738
70 5,099
75 5,335
80 5,633     
85 5,867
90 6,066
95 6,144
100 6,263 
110 6,386
120 6,488 
130 6,661
140 6,819
150 6,859
160 7,083
170 7,166
180 7,417
190 7,599
200 7,783
210 8,037
230 8,382
250 8,724
270 9,113
290 9,413
1 трубка d=5,10+-0,05мм
Дельта Р(делений)    Qлитр/минута
5 1,287
10 2,434
15 3,720
20 4,967
25 6,292
30 7,067
35 7,530
40 8,449
45 8,735
50 8,960
55 9,261
60 9,482
65 9,727
70 10,064
75 10,392
80 10,769
85 11,151
90 11,484
95 11,838
100 12,162
105 12,446
110 12,804
115 13,114
120 13,472
125 13,728

До турбулентного не дошли не хватило мощности