64 0.02 0.006024656631309266 0.0062603113088218025
67 0.04 0.011506247378480876 0.011408702822700978
70 0.02 0.0192314117092069 0.0186268869885248
72 0.04 0.025221794812714908 0.0242971931883213
73 0.04 0.028289870674864336 0.027246327097612814
74 0.02 0.03130235960618773 0.03018254030453072
76 0.08 0.03681780461560259 0.03570584595576824
77 0.04 0.03915119275227974 0.03813072313704504
78 0.08 0.04109871362252135 0.040225988031300834
79 0.04 0.042596995840658826 0.04192126336285804
80 0.02 0.04359802524291431 0.04315766786286442
81 0.04 0.04407168280110894 0.04389120844554059
82 0.02 0.04400718765554633 0.04409537822401905
83 0.06 0.043413355725736555 0.043762746463879794
84 0.06 0.0423176853193251 0.04290540749484442
85 0.04 0.040764377340545166 0.041554250765762225
86 0.06 0.03881147926330044 0.03975711347172799
87 0.06 0.03652740140320736 0.037575969806014096
88 0.04 0.033987086669257024 0.035083387063002784
91 0.04 0.025596084342793986 0.026536964775709118
92 0.02 0.02278051506508665 0.023595349792338308
93 0.02 0.020056651328271988 0.02072514395564727
94 0.04 0.017470623518711807 0.017983103982448293
95 0.02 0.01505783846012761 0.015414438841140058
97 0.04 0.010841149525115609 0.0109179659974769
