2 0.0025 0.0018799429323520936 0.0045415029049319915
3 0.0075 0.006413738637541226 0.009669702973685723
4 0.015 0.016411153738808613 0.01867215357811645
5 0.0425 0.033593631703341224 0.03269967428349851
6 0.055 0.05730513674728291 0.05193500548848999
7 0.0825 0.08378829637263437 0.0748074198806186
8 0.1275 0.10719665167173907 0.09772302669059524
9 0.1075 0.1219064144289166 0.11577555780791994
10 0.1225 0.12477121516799612 0.12439547816484373
11 0.1125 0.11609394429494911 0.12121602680958463
12 0.0725 0.09901845998823368 0.10712312531781198
13 0.0775 0.07795799522919782 0.08585669447487645
14 0.07 0.05699286294077426 0.06240693193977182
15 0.04 0.0388881301465883 0.04113952184941206
16 0.0275 0.024876250753145705 0.02459537147949567
17 0.01 0.014976966262261545 0.013335683268678745
18 0.0125 0.008516069427458162 0.006557599622892185
19 0.015 0.004587472136317593 0.0029244369409779382
