8 0.005 0.0009849499745314058 0.001976498365408967
9 0.005 0.002240213997628653 0.003546938934154413
11 0.01 0.008533604413445054 0.009865515458439417
12 0.015 0.014556906861935021 0.015290743365810315
13 0.025 0.02292152949721614 0.02256946542217194
14 0.03 0.03351455062914389 0.03172472024391292
15 0.045 0.04573619009190502 0.04246764564539021
16 0.07 0.05851373819883099 0.05413802696119063
17 0.08 0.07045742476059237 0.06572498845200894
18 0.075 0.08012574915829586 0.07598755455901962
19 0.105 0.08632495185633245 0.08366393233959875
20 0.06 0.08835358822495626 0.08772390049773517
21 0.08 0.08612371195070734 0.08759543007819748
22 0.085 0.08013419925595361 0.08329689642404782
23 0.035 0.07131943733779869 0.07543276836447628
24 0.055 0.06082953676269748 0.06505416817778854
25 0.055 0.049807224701296685 0.05342863328250694
26 0.05 0.03921361113982858 0.04178850719224385
27 0.04 0.02972972666786263 0.031126013726661735
28 0.025 0.02173455374611243 0.022078725876930348
29 0.02 0.01534159707527315 0.014914488566436021
30 0.01 0.010468083071028046 0.009594593488971497
31 0.005 0.0069123116278691655 0.005877987357576245
32 0.01 0.004421719344452556 0.003429371795072573
33 0.005 0.0027428059085134494 0.001905392059399144
