27 0.02 0.0051403507594181145 0.00581094620766334
30 0.01 0.014479680722252529 0.01445906184019653
31 0.03 0.019122520282871567 0.018659001107468556
32 0.02 0.02446487438689881 0.02349787522987519
33 0.03 0.030351271436352644 0.028877575238209906
34 0.08 0.03654650154718462 0.03463257491340633
36 0.08 0.04861507292111964 0.04629229177836491
37 0.05 0.05379192122677401 0.051595107662226455
38 0.06 0.05795371723747704 0.0561177554154663
39 0.06 0.06083654317185411 0.059564018305335004
40 0.06 0.06226620193639267 0.06169637002815379
41 0.04 0.062175080665266245 0.06236302376349035
42 0.08 0.060605900058 0.061515795415702006
43 0.07 0.05770245461336092 0.05921586137465471
44 0.05 0.05368951117888627 0.055626455261175954
45 0.03 0.04884552417030231 0.050993714519007305
46 0.03 0.043472516511569054 0.04561879804542926
47 0.04 0.0378673367230561 0.0398256576504562
48 0.02 0.03229768261337326 0.03392922982742329
49 0.02 0.0269850433916633 0.02820830395034202
50 0.02 0.022095353529093906 0.022886104429607285
51 0.02 0.017736936734923617 0.018120021291923003
52 0.03 0.013964426729380247 0.014000303796894459
53 0.01 0.010786860949072214 0.010556212966886032
54 0.01 0.008178038652870675 0.007767312076163382
55 0.02 0.0060874345899731876 0.005577316541176486
56 0.01 0.004450349502026827 0.0039081548240497265
