10
9
10
8
15
18
13
10
15
11
12
15
11
11
13
9
10
8
9
7
7
18
14
12
13
14
6
18
10
15
8
7
16
15
8
16
13
11
11
7
13
9
16
11
8
14
10
11
13
13
8
8
9
13
18
12
13
8
12
5
11
14
5
8
13
10
14
7
8
5
11
16
10
9
13
14
11
15
11
11
10
13
12
5
9
11
13
10
15
14
7
8
10
8
10
6
12
9
5
12
9
10
14
6
10
5
16
12
4
4
15
11
13
19
7
8
9
11
8
4
11
6
5
17
5
14
10
16
11
11
3
6
19
11
9
8
10
13
10
8
6
12
15
13
7
10
9
10
19
10
15
11
13
8
15
10
11
14
10
7
14
10
10
9
9
6
7
5
11
8
9
10
14
8
12
8
12
12
7
5
5
11
10
14
8
12
8
13
12
10
9
10
10
10
16
8
13
8
13
8
16
8
19
7
8
9
7
13
2
9
11
5
9
10
10
8
8
10
5
10
13
16
6
8
9
5
10
7
12
4
8
12
12
10
15
7
9
7
7
9
12
12
17
11
8
14
5
16
13
9
14
11
11
7
6
7
10
19
8
8
9
8
14
7
8
6
10
15
13
13
7
9
7
10
16
3
14
11
12
10
9
7
9
14
12
11
12
7
10
9
12
12
8
10
8
10
10
9
8
10
9
11
12
9
9
9
6
13
8
12
12
4
11
14
9
6
9
8
8
9
10
9
12
9
14
13
7
14
11
10
11
7
11
9
9
5
8
14
11
17
6
13
6
11
11
6
9
10
14
7
15
13
7
6
11
14
9
7
11
7
11
11
8
3
9
18
12
15
11
4
13
6
17
15
14
6
8
8
6
8
6
11
11
14
13
6
7
19
10
14
7
8
8
5
7
14
8
11
6
8
