19
18
33
23
26
27
22
22
18
16
25
26
27
24
25
15
31
24
24
18
22
27
22
21
26
16
22
30
21
17
25
13
23
21
13
27
19
27
26
22
23
17
20
23
29
15
18
16
21
17
19
20
15
28
8
26
32
15
20
12
17
22
19
26
22
9
30
17
23
18
18
28
17
19
29
26
21
25
25
17
24
19
15
12
19
19
22
20
24
12
16
24
20
21
22
19
20
24
21
21
24
26
17
20
11
16
19
18
18
15
29
14
14
17
16
20
22
22
16
16
24
28
22
21
22
25
18
13
29
16
17
21
14
25
26
16
17
19
25
22
16
23
23
19
19
24
18
18
19
18
20
21
18
19
20
16
25
15
17
17
19
21
27
21
21
18
20
14
22
28
19
17
17
19
21
28
13
25
16
18
22
11
27
27
15
19
32
20
16
14
17
25
19
26
24
15
13
21
19
14
