20
6
13
12
11
13
5
8
10
11
13
12
10
7
5
14
9
10
14
13
7
9
9
14
8
7
9
9
8
5
11
7
5
11
12
8
20
9
10
13
8
14
5
13
8
14
5
7
11
10
3
14
9
15
12
12
12
11
7
9
12
11
11
11
16
16
9
15
14
7
9
7
12
8
10
11
8
14
17
8
6
12
16
8
12
8
11
14
13
12
10
13
9
18
8
14
14
7
6
11
8
8
6
11
9
8
7
4
9
17
9
14
9
8
11
10
8
6
2
18
11
7
10
9
10
10
11
9
12
9
10
15
13
15
8
7
9
11
13
14
15
14
6
11
8
11
9
5
6
9
9
13
5
15
6
8
11
8
7
7
3
6
9
10
10
6
9
16
13
10
12
16
12
14
14
9
16
8
4
11
13
10
9
13
13
10
14
5
7
9
9
13
11
12
5
10
9
12
10
11
10
7
5
6
6
6
19
5
9
9
12
10
6
12
10
11
8
9
6
10
6
7
14
14
13
10
8
6
7
8
15
7
7
10
8
10
8
13
10
9
10
10
4
12
8
10
11
13
13
8
12
8
9
10
13
8
14
11
8
7
14
9
11
3
6
7
7
11
9
8
10
10
8
11
9
7
5
11
7
11
6
3
15
16
6
7
10
7
11
10
6
7
9
5
6
11
11
2
9
11
12
10
16
6
7
14
14
5
10
11
8
13
11
8
13
8
9
15
9
11
8
4
9
9
8
10
11
3
9
10
13
9
10
6
12
7
13
8
5
9
9
17
7
9
16
9
11
14
7
17
6
10
8
7
10
16
8
8
6
10
12
5
7
12
10
10
8
8
14
13
8
9
14
12
6
10
14
11
8
14
12
13
6
11
5
10
6
13
3
7
6
14
9
7
10
11
8
7
5
11
