20.0 0.0
13.0 7.0
13.0 5.715476066494082
12.75 4.968651728587948
12.4 4.498888751680798
12.5 4.112987559751022
11.428571428571429 4.624689730353898
11.0 4.47213595499958
10.88888888888889 4.228066131208989
10.9 4.011234224026316
11.090909090909092 3.8719162616448823
11.166666666666666 3.7155828016013257
11.076923076923077 3.583327599646805
10.785714285714286 3.6090871704742225
10.4 3.7735924528226414
10.625 3.75624480032918
10.529411764705882 3.6640968240935146
10.5 3.5629263877386586
10.68421052631579 3.554872587530164
10.8 3.5014282800023198
10.619047619047619 3.511561726587928
10.545454545454545 3.4473609501560984
10.478260869565217 3.3862839093253485
10.625 3.3888604279314896
10.52 3.36
10.384615384615385 3.363570939857761
10.333333333333334 3.311036539055854
10.285714285714286 3.2607749172895226
10.206896551724139 3.2310915241717186
10.033333333333333 3.311428023610895
10.064516129032258 3.262054407795382
9.96875 3.254654119487968
9.818181818181818 3.316209459467746
9.852941176470589 3.2731739672784275
9.914285714285715 3.2458450677876836
9.86111111111111 3.2158701758084565
10.135135135135135 3.5728871069536736
10.105263157894736 3.5302413342597903
10.102564102564102 3.4847276448398916
10.175 3.470500684339365
10.121951219512194 3.4442962533073853
10.214285714285714 3.4540225981952606
10.093023255813954 3.5029154202349266
10.159090909090908 3.489876149262333
10.11111111111111 3.4655268781542987
10.195652173913043 3.4742504053417065
10.085106382978724 3.5179163757799214
10.020833333333334 3.5088553649619443
10.040816326530612 3.475624646095975
10.04 3.4406976036844625
9.901960784313726 3.5438701673690036
9.98076923076923 3.5544683937447212
9.962264150943396 3.5233038962483234
10.055555555555555 3.555989556845614
10.090909090909092 3.5330786331610526
10.125 3.510507187613453
10.157894736842104 3.4882734566283524
10.172413793103448 3.4598083016184122
10.11864406779661 3.4547179519534668
10.1 3.428799595582493
10.131147540983607 3.409126660127053
10.14516129032258 3.383292794789679
10.158730158730158 3.3580339543096946
10.171875 3.333329264320433
10.261538461538462 3.3844755215857316
10.348484848484848 3.4311073583197427
10.328358208955224 3.4093289911936937
10.397058823529411 3.4305706345873035
10.44927536231884 3.432733443655374
10.4 3.4326166612159215
10.380281690140846 3.412347905842812
10.333333333333334 3.4115815817431208
10.356164383561644 3.393668007970213
10.324324324324325 3.3816200663575615
10.32 3.359206255451823
10.328947368421053 3.3379325380853437
10.2987012987013 3.3266532265925037
10.346153846153847 3.3313850321963114
10.430379746835444 3.3927828997976617
10.4 3.382306905057552
10.345679012345679 3.3962960719109927
10.365853658536585 3.380403335445564
10.433734939759036 3.4157423334875854
10.404761904761905 3.4055943038415886
10.423529411764706 3.3898688872380247
10.395348837209303 3.3801027566857287
10.402298850574713 3.361238722520135
10.443181818181818 3.3637707282745497
10.47191011235955 3.355658938758307
10.488888888888889 3.3408064377214353
10.483516483516484 3.3227905568803355
10.51086956521739 3.314967916486462
10.494623655913978 3.300777542526435
10.574468085106384 3.37225652624006
10.547368421052632 3.364734825095923
10.583333333333334 3.3654700843847793
10.618556701030927 3.365817555037008
10.581632653061224 3.3682899112577473
10.535353535353535 3.3824058478333434
10.54 3.3657688571855315
10.514851485148515 3.3584940678354505
10.490196078431373 3.351163386047392
10.446601941747574 3.3637939610540095
10.451923076923077 3.3480183797294063
10.438095238095238 3.3350199814459867
10.415094339622641 3.327608707177147
10.383177570093459 3.3282839444971986
10.324074074074074 3.368780149878695
10.311926605504587 3.3556668425092506
10.372727272727273 3.40015799341226
10.36036036036036 3.387291545510153
10.392857142857142 3.389471995482963
10.380530973451327 3.376961466261625
10.359649122807017 3.369437438032499
10.365217391304348 3.3552824925652596
10.362068965517242 3.340959370073981
10.341880341880342 3.3337497000532315
10.305084745762711 3.3433680232036767
10.235294117647058 3.4145164214697226
10.3 3.472751070837068
10.305785123966942 3.458951676105051
10.278688524590164 3.457617617884842
10.276422764227643 3.443624515682604
10.266129032258064 3.43161034089504
10.264 3.417938560009528
10.261904761904763 3.404428888142881
10.26771653543307 3.3916266018331096
10.2578125 3.3801952924119267
10.271317829457365 3.3705333646991735
10.261538461538462 3.359381458986498
10.259541984732824 3.3466122468370947
10.295454545454545 3.35915446694289
10.31578947368421 3.3546475920663963
10.350746268656716 3.366333455797333
10.333333333333334 3.3598941782277736
10.308823529411764 3.3596102406169277
10.299270072992702 3.349180014044728
10.304347826086957 3.337552465314539
10.323741007194245 3.3333195313966457
10.35 3.335790760824185
10.382978723404255 3.346766353947658
10.408450704225352 3.348648938356881
10.377622377622378 3.357080391129506
10.381944444444445 3.345802776485161
10.36551724137931 3.3400677116891293
10.36986301369863 3.3290207919581327
10.360544217687075 3.319588488207234
10.324324324324325 3.337372765499056
10.295302013422818 3.344841476976648
10.286666666666667 3.3353393963566718
10.278145695364238 3.325914583965208
10.296052631578947 3.3222511704167084
10.261437908496733 3.338762719108781
10.292207792207792 3.349598395534584
10.264516129032257 3.356414022204284
10.25 3.3505166076982125
10.254777070063694 3.340362043383246
10.240506329113924 3.334572220769789
10.220125786163521 3.333926611496497
10.2 3.333166662499793
10.15527950310559 3.3706055010364433
10.12962962962963 3.3759111964084103
10.122699386503067 3.366695429064754
10.121951219512194 3.3564290108592374
10.121212121212121 3.3462559426607634
10.096385542168674 3.35136892667497
10.089820359281438 3.3423903155707944
10.125 3.363295400701662
10.142011834319527 3.36057169338326
10.141176470588235 3.350690679200582
10.152046783625732 3.3438839899377744
10.186046511627907 3.3636622756771244
10.196531791907514 3.3567444997009392
10.218390804597702 3.359410482480596
10.24 3.361904222312112
10.232954545454545 3.3536351237706867
10.265536723163843 3.3719680032220203
10.252808988764045 3.366743830423468
10.217877094972067 3.3895194970155518
10.222222222222221 3.3805909338055673
10.237569060773481 3.3775211826357614
10.236263736263735 3.3682752779465046
10.229508196721312 3.360295862378742
10.244565217391305 3.3573366815934285
10.259459459459459 3.3543404281342597
10.258064516129032 3.345365035634244
10.27807486631016 3.3475508702064007
10.25 3.3606372875874904
10.232804232804233 3.3600174899996826
10.226315789473684 3.3523506450915055
10.219895287958115 3.344734392530243
10.234375 3.3420093795063375
10.238341968911918 3.3337932692075762
10.24742268041237 3.3275821005309933
10.22051282051282 3.340135072286402
10.21938775510204 3.331640466284553
10.213197969543147 3.3243034347499467
10.222222222222221 3.318316341845165
10.22110552763819 3.3100056603087524
10.225 3.3021773120170264
10.223880597014926 3.2939907393188075
10.207920792079207 3.2936086672724247
10.182266009852217 3.305657307504437
10.161764705882353 3.3104571130854206
10.141463414634146 3.315078309766004
10.12135922330097 3.3195259483010595
10.16425120772947 3.368234287737109
10.139423076923077 3.3790621784189327
10.133971291866029 3.3718854520235686
10.128571428571428 3.3647532786001326
10.137440758293838 3.359230205494204
10.13679245283019 3.351311358983033
10.11737089201878 3.3553724894846306
10.126168224299066 3.3499849755165427
10.125581395348837 3.342196257668025
10.12962962962963 3.3349790176267926
10.119815668202765 3.330410633700185
10.114678899082568 3.3236247949532673
10.095890410958905 3.327611276863337
10.095454545454546 3.320046176120183
10.076923076923077 3.3239105708142347
10.063063063063064 3.3228102707079383
10.080717488789238 3.325770476294867
10.098214285714286 3.3286092694047693
10.11111111111111 3.326808428657661
10.110619469026549 3.3194482650584742
10.101321585903083