300,197333584
300,192204959
300,191327902
300,184772981
300,190478163
300,186199276
300,180057003
300,178521435
300,170458264
300,168127593
300,160502950
300,157733751
300,158912745
300,157102558
300,155732336
300,153702165
300,145338494
300,139469403
300,144186818
300,140786426
300,131160368
300,127430720
300,122740623
300,118517810
300,107163519
300,110070747
300,106039161
300,109139053
300,099101785
300,101734394
300,093341967
300,088487960
300,088460642
300,079438460
300,078752630
300,075462948
300,069155328
300,067070521
300,066988567
300,065342288
300,063204282
300,054044071
300,052453866
300,047874480
300,053880162
300,049328093
300,041594178
300,039234751
300,038193785
300,033942217
300,028815029
300,028704319
300,027991171
300,022369380
300,021903534
300,016501727
300,008027345
300,010330698
300,012716004
300,003693822
300,005997174
299,998510560
300,000375384
299,999718310
299,986581150
299,981397888
299,978683325
299,976572638
299,970072353
299,974460512
299,966891944
299,970785501
299,968234847
299,957704414
299,949861226
299,947667146
299,944650646
299,953645510
299,952768454
299,945994987
299,944650646
299,938644964
299,926962855
299,930747139
299,930308611
299,926166315
299,924330246
299,920271343
299,921641564
299,908643870
299,898195392
299,902692824
299,904228392
299,902418205
299,896165221
299,897262261
299,889830283
299,888898590
299,892326300
299,880314936
299,880204225
299,874171225
299,875295583
299,875460929
299,868769417
299,863147627
299,859116041
299,856044905
299,856263450
299,855824922
299,842963818
299,848447580
299,844059421
299,837122045
299,835997687
299,841592159
299,835997687
299,828674982
299,826810158
299,822916601
299,822807328
299,823684385
299,821490305
299,822971237
299,809944787
299,817486037
299,814031009
299,812468122
299,803253275
299,797658803
299,801169905
299,791817029
299,792366268
299,782521665
299,784275779
299,771716613
299,771853204
299,775912108
299,768205510
299,765600220
299,772895607
299,765079737
299,765956794
299,758662845
299,752657162
299,754877122
299,755535634
299,745361775
299,738122462
299,738944882
299,732719217
299,740535087
299,740809707
299,744210099
299,741084326
299,725534540
299,724244835
299,716703585
299,711411050
299,708696488
299,707215556
299,704444919
299,703211288
299,706036561
299,697369515
299,686236645
299,694572998
299,698933839
299,683904536
299,693969122
299,693750577
299,684919622
299,682725542
299,678393456
299,683000161
299,672853621
299,674032615
299,661280784
299,664488512
299,674607734
299,668958626
299,655520965
299,653930761
299,648116306
299,643125709
299,654835136
299,655658994
299,632457247
299,636215651
299,636927361
299,629249520
299,623243838
299,631196298
299,625711099
299,633994253
299,617785956
299,629194884
299,619898082
299,623298474
299,622064843
299,608159899
299,616414297
299,598919171
299,596670455
299,603553194
299,596341199
299,592364249
299,584657652
299,594229073
299,580132902
299,582710873
299,573990628
299,580407521
299,573112134
299,577609566
299,564666508
299,563760696
299,568039582
299,556877956
299,552819053
299,558824735
299,562061218
299,554958496
299,558742780
299,552298570
299,549034768
299,541959364
299,543358342
299,548294302
299,545332438
299,531565522
299,532031369
299,529920681
299,526136397
299,525532522
299,512094861
299,520869743
299,524215499
299,519938050
299,518293209
299,513383128
299,512012907
299,508145230
299,499672286
299,501235173
299,498218673
299,496710422
299,485054194
299,489662336
299,488372632
299,487413620
299,478253409
299,475429574
299,469505846
299,480529443
299,473537432
299,475758830
299,474441807
299,467559067
299,467750295
299,466187408
299,466762527
299,471288716
299,468600033
299,450830287
299,450089821
299,442026650
299,440929610
299,440711065
299,448170361
299,443014417
299,433195695
299,432757166
299,425736398
299,436377542
299,431414263
299,421870160
299,420498500
299,414274273
299,417811256
299,420443864
299,412162147
299,417893210
299,409118329
299,401055158
299,403112647
299,403962385
299,404950152
299,401027839
299,388330645
299,392225640
299,391951020
299,397463538
299,395653350
299,392966106
299,384573679
299,379528446
299,373906655
299,374125201
299,382874202
299,383065429
299,375140286
299,370890155
299,364993745
299,359508546
299,356053517
299,355504278
299,358988063
299,358302233
299,359701211
299,364115251
299,357039847
299,339050118
299,337405277
299,342670493
299,338913527
299,328299702
299,336088254
299,329396742
299,326600225
299,325503185
299,319826758
299,319716048
299,318866309
299,323336423
299,321580872
299,315411280
299,308939752
299,314314241
299,308554422
299,306087160
299,301424381
299,303345279
299,302248239
299,301287790
299,293937767
299,295720636
299,293608511
299,286698454
299,289303744
299,286012624
299,280390834
299,284257073
299,279157203
299,273753958
299,263332798
299,263416190
299,267886304
299,268488742
299,264622503
299,265197622
299,262592332
299,252116536
299,252034581
299,241256847
299,248743462
299,244767950
299,244466012
299,242847052
299,242408523
299,236868688
299,235635057
299,232425892
299,234044852
299,236704779
299,229903994
299,232152710
299,215533203
299,221511567
299,220689147
299,217892629
299,219894044
299,214710782
299,208211935
299,214079589
299,208677782
299,206236401
299,210020685
299,210104077
299,199792190
299,196171815
299,198447849
299,192168985
299,188164717
299,184380433
299,187835462
299,188712518
299,188905183
299,190824644
299,178949870
299,184160450
299,172203722
299,179690336
299,177250393
299,172369068
299,168419437
299,160796232
299,160494294
299,161289397
299,155913470
299,159726510
299,155858834
299,159643118
299,146096185
299,150045816
299,147713708
299,140912923
299,138280315
299,137705196
299,141818736
299,142531884
299,139815883
299,134248729
299,129258132
299,121332990
299,124212899
299,126845507
299,121442262
299,120592524
299,117932597
299,116259000
299,108553841
299,114559523
299,118041870
299,115683881
299,103754471
299,105728568
299,101094545
299,103397897
299,098433180
299,100710653
299,092290907
299,085133549
299,088945151
299,088945151
299,093744521
299,079813696
299,081897065
299,079539077
299,076768440
299,071970508
299,074190468
299,071832479
299,071859797
299,070680803
299,069611081
299,053047648
299,055844165
299,062206421
299,062562995
299,061302046
299,058258228
299,048055613
299,046574681
299,040761664
299,038211010
299,038622220
299,043696210
299,047891704
299,041420175
299,035249146
299,036950061
299,035714993
299,036895425
299,027707896
299,031053652
299,026474265
299,015367275
299,016600906
299,014297553
299,017534037
299,013940979
299,018740349
299,012596638
299,013611724
299,014572173
299,003053973
299,012953212
298,999049705
298,996169796
299,001216467
298,996526370
298,995594677
299,004616859
298,997377546
298,988793892
298,981361914
298,982375562
298,987942716
298,982815528
298,976726453
298,973080197
298,972339731
298,972037794
298,966579913
298,964001941
298,973655317
298,968746674
298,974670402
298,976864482
298,952017894
298,955172423
298,959779128
298,955309014
298,953800764
298,949248695
298,950207706
298,941514780
298,941542098
298,937894404
298,940281149
298,939841183
298,933891574
298,936440790
298,933808182
298,936824682
298,933753546
298,938443643
298,925992312
298,926321568
298,923990897
298,924895272
298,922016801
298,934219392
298,919768084
298,923661641
298,905397293
298,906686998
298,913322436
298,905233384
298,905122674
298,902655412
298,897088258
298,901393026
298,900379378
298,894428332
298,897060940
298,892563508
298,889628962
298,884363746
298,882828178
298,899584276
298,896182446
298,897088258
298,882662831
298,871255341
298,874490387
298,866235988
298,870898767
298,868375432
298,870980722
298,869499790
298,865797460
298,859380567
298,864645784
298,861738556
298,852003226
298,856171402
298,854333896
298,856089448
298,854745107
298,847258492
298,845311714
298,842761060
298,840239162
298,845420986
298,839662605
298,839607969
298,833300349
298,837166588
298,837743145
298,836782696
298,833218395
298,832779866
298,823839638
298,822386024
298,825841053
298,826088354
298,820053916
298,825320570
298,818381757
298,810456614
298,808426443
298,810374659
298,805875789
298,814816018
298,806672330
298,796305806
298,801407113
298,805164079
298,800035454
298,796360442
298,799788153
298,793673198
298,796278488
298,788353345
298,789148447
298,787474850
298,791095226
298,785939282
298,782620844
298,773791327
298,779933600
298,772694287
298,779851645
298,765618883
298,765426218
298,763945286
298,768799292
298,759968336
298,759502490
298,757117183
298,769403167
298,761339996
298,757419120
298,758405450
298,765782792
298,752345131
298,751933921
298,751933921
298,744036096
298,741594715
298,745133136
298,741265460
298,739675255
298,734108101
298,733560300
298,733203726
298,738550897
298,734410039
298,735370488
298,728595583
298,723523032
298,723441077
298,725387856
298,723906924
298,716666173
298,712004832
298,708988332
298,704682127
298,707754701
298,710605855
298,706657661
298,701776337
298,705999150
298,700815888
298,713019917
298,706766934
298,710551218
298,705751848
298,698128643