291,050145940
291,063145072
291,071783363
291,082093812
291,093173484
291,098247473
291,101263973
291,116428429
291,137490732
291,147198745
291,157181376
291,168232292
291,181340697
291,179832447
291,195354914
291,207284324
291,218116695
291,218720570
291,242084788
291,250888425
291,264955841
291,267315267
291,280176371
291,290406304
291,303020106
291,304501038
291,324300954
291,333625074
291,347721246
291,359514066
291,368015765
291,370291800
291,380356386
291,393957955
291,400704104
291,411920366
291,425852629
291,433091942
291,445843773
291,449848040
291,461255530
291,472664457
291,490517595
291,502008477
291,511605779
291,525016121
291,535602628
291,539578139
291,547312055
291,560777033
291,571034284
291,580631586
291,582661757
291,592259059
291,604737708
291,614774976
291,634547574
291,644474132
291,656514253
291,662465299
291,672611839
291,681715976
291,690958142
291,705931371
291,712786792
291,730667248
291,744956085
291,748822324
291,756172347
291,767333973
291,778055633
291,780633605
291,800516914
291,811760494
291,814804313
291,818424688
291,830847263
291,841541605
291,853938299
291,858626959
291,876014250
291,895978076
291,899571133
291,901929122
291,913392686
291,928009340
291,934015023
291,941447001
291,961301554
291,969144742
291,980828289
291,985051101
291,995663489
292,001012097
292,007758246
292,015381451
292,029039094
292,037018873
292,052952551
292,063921512
292,076920644
292,081390758
292,089590520
292,100697510
292,117178989
292,119071131
292,130398104
292,143149934
292,155024708
292,169941863
292,172246653
292,182640495
292,199642457
292,207978810
292,206415923
292,226024613
292,233263926
292,241463688
292,256354962
292,264472770
292,272891077
292,289208647
292,294035335
292,296860608
292,303195546
292,320170189
292,336103867
292,342548078
292,342630032
292,357493988
292,367833194
292,378720201
292,389359906
292,400577606
292,407542300
292,409872970
292,429672887
292,441438388
292,454190219
292,463048493
292,467271305
292,472372613
292,483506921
292,499768416
292,505830173
292,516744498
292,528947090
292,535694676
292,539560915
292,548335796
292,558016490
292,572112662
292,586372743
292,590486283
292,602690312
292,608284785
292,621667809
292,633569901
292,638258560
292,651148419
292,658003840
292,667082097
292,677859831
292,686114229
292,693078923
292,716635806
292,719433761
292,732212910
292,738849785
292,744416939
292,759417486
292,769234771
292,780067141
292,785004540
292,791283404
292,802774286
292,806778553
292,820134259
292,828607203
292,838398607
292,849230978
292,863327149
292,862723274
292,877943804
292,884306060
292,899992437
292,900430965
292,909453148
292,921245967
292,933230014
292,945186742
292,952591402
292,949684174
292,980700353
292,975023927
292,986980655
292,998635446
293,006917163
293,021644528
293,030530120
293,042046882
293,040978598
293,050411991
293,064726708
293,068045146
293,076683436
293,090259125
293,103724104
293,113705298
293,121329941
293,130104822
293,137263618
293,143569800
293,149740829
293,167785195
293,176150304
293,179001457
293,190657686
293,201517374
293,209689818
293,218957864
293,229324388
293,237935360
293,250743265
293,264865317
293,271200255
293,271831449
293,288916803
293,297938985
293,306495321
293,306248020
293,317382328
293,334960847
293,337292955
293,350812570
293,359560133
293,373903606
293,378674220
293,384352084
293,408210905
293,407936285
293,417562343
293,425734787
293,440186095
293,448551204
293,457682659
293,457189495
293,470215945
293,481404889
293,488726156
293,501945272
293,509679187
293,513106898
293,526406529
293,534058490
293,537349610
293,546508384
293,564334203
293,571382289
293,576894807
293,586135535
293,597982991
293,607718321
293,617371697
293,626559226
293,632810772
293,640901262
293,654256968
293,659494866
293,669038969
293,680035248
293,684258061
293,698135688
293,705704256
293,716893201
293,728795293
293,733867844
293,750980516
293,746866976
293,755889159
293,772535984
293,780708428
293,789401355
293,796312850
293,801632703
293,819238540
293,824751057
293,834842962
293,848087957
293,851297122
293,858536435
293,869972681
293,882038682
293,894324666
293,899673275
293,897231894
293,908475474
293,915743543
293,930222169
293,944729551
293,948651864
293,958578422
293,966093792
293,982739180
293,981258248
293,990802351
293,997328517
294,008928671
294,021845848
294,025191604
294,034350378
294,045182748
294,051217187
294,062762705
294,072443399
294,086565451
294,085057201
294,099153373
294,110260362
294,117554312
294,127536943
294,131075364
294,141633115
294,150407997
294,156908282
294,171881510
294,178407675
294,186580119
294,191104870
294,196864689
294,207395121
294,211837917
294,227880868
294,237781545
294,251603097
294,266549008
294,265177348
294,278149162
294,282892458
294,294494050
294,304831818
294,309631188
294,316268063
294,336095298
294,346159884
294,355456686
294,353317243
294,366836858
294,371718182
294,385952383
294,383676348
294,409371237
294,411676027
294,411319453
294,424043966
294,435889984
294,435946058
294,441156638
294,455607946
294,468990970
294,475819073
294,479466766
294,492329307
294,509385905
294,515391588
294,526937106
294,534534430
294,531050646
294,543913187
294,557598149
294,570679235
294,578357076
294,580798458
294,584966634
294,593659561
294,597443845
294,607015267
294,617299836
294,635014945
294,642392287
294,650153521
294,660218107
294,671818262
294,673024574
294,682869177
294,691700133
294,702669094
294,713474146
294,724444545
294,726007431
294,731683858
294,742050382
294,747699490
294,753897837
294,765223372
294,772573396
294,783624312
294,797500500
294,806797302
294,810115740
294,816999917
294,829093236
294,838883203
294,845656670
294,850483358
294,858903103
294,866335081
294,884406764
294,889837327
294,890687066
294,898091726
294,907936329
294,921401307
294,920469614
294,936923775
294,943889906
294,950059498
294,959219709
294,960946504
294,975646551
294,966568294
294,993059723
295,007430514
295,006470065
295,021828624
295,031398607
295,034196562
295,042396325
295,051938990
295,055010127
295,065487361
295,074948072
295,087397965
295,091786125
295,095241153
295,107719802
295,117700996
295,128671395
295,139722311
295,139751067
295,161415807
295,164404989
295,174113002
295,175483223
295,183519076
295,201563442
295,207953016
295,215934233
295,215604977
295,229590438
295,242151042
295,250460077
295,250048867
295,258605203
295,269739510
295,287538012
295,291870098
295,289676018
295,300701053
295,310572974
295,328837323
295,339807722
295,343755915
295,354808268
295,357934041
295,358921809
295,370685872
295,374855486
295,377597367
295,405185836
295,395559778
295,402058625
295,414921166
295,423368229
295,431649946
295,437819537
295,451641090
295,458168693
295,466505046
295,478489092
295,482520678
295,502841078
295,502786441
295,513180283
295,522559040
295,520091778
295,535558172
295,538931246
295,553356673
295,561665708
295,557031685
295,566903606
295,580779795
295,590871699
295,596768109
295,608779474
295,611906685
295,616595344
295,632281720
295,645746699
295,653151359
295,663874456
295,670154758
295,676873588
295,684360203
295,691133669
295,694972590
295,706326881
295,711510143
295,722835678
295,730020355
295,733860713
295,745158930
295,758158062
295,766439778
295,771073802
295,781960808
295,788104519
295,797921804
295,809358050
295,810784345
295,809001476
295,818105613
295,839140598
295,839304507
295,844953615
295,863245282
295,867524169
295,872185510
295,883649073
295,889106955
295,899746660
295,906794746
295,916200821
295,915680338
295,926265407
295,937235806
295,943185414
295,953689966
295,960079541
295,964795518
295,973955730
295,970226082
296,001598834
295,998856954
296,004560698
296,016490109
296,030804826
296,046518520
296,032011138
296,052524203
296,053320743
296,073393841
296,079948762
296,080196064
296,098047764
296,098295065
296,110855669
296,114474606
296,125306977
296,128543460
296,144284473
296,141515274
296,152676900
296,162219565
296,175877209
296,179250283
296,184981346
296,192331369
296,201298916
296,218822798
296,220742258
296,237580311
296,240680204
296,249071193
296,237552993
296,245039607
296,259135779
296,271887610
296,273341223
296,288012515
296,290974378
296,305317852
296,308059732
296,317274580
296,333317530
296,339871014
296,345576196
296,350457521
296,360274805
296,364581011
296,364881510
296,377551387
296,388631058
296,402288702
296,406182259
296,408650958
296,415615651
296,436650637
296,439501790
296,450690734
296,451158019
296,456285206
296,475044157
296,471560373
296,489715448
296,493390460
296,500849756
296,512066019
296,515191791
296,524954440
296,525065151
296,531811299
296,548785942
296,555093562
296,562718205
296,566035205
296,580871843
296,580433315
296,585123412
296,597737214
296,598806936
296,613259681
296,628507529
296,634183956
296,640766195
296,648170855
296,652201003
296,664625016
296,674578892
296,677595392
296,682478154
296,683957648
296,704388758
296,713494333
296,715166492
296,710037866
296,720597055
296,726520783
296,744345165
296,754464388
296,756823814
296,767765457
296,776267157
296,792364744
296,794833443
296,801908847
296,805829722
296,813343655
296,820501013
296,827303236
296,838135606
296,845320283
296,860293511
296,858976488
296,865969938
296,874169700
296,872716086
296,885578627
296,900249918
296,907023385
296,917335272
296,922216597
296,933652842
296,929373955
296,940042417
296,950188957
296,956414623
296,971717107
296,972730755
296,983069960
296,992941881
296,999880695
297,014881242
297,018638208
297,019873276
297,028016964
297,033995329
297,048091500
297,046803233
297,061255979
297,059857002
297,069399667
297,076585782
297,088240572
297,096467653
297,098771005
297,100992403
297,119120161
297,132694412
297,137384509
297,142265833
297,148216879
297,170511375
297,166535864
297,171608415
297,182551496
297,191546361
297,196591594
297,204434782
297,206958118
297,218530954
297,238385507
297,237042603
297,244061933
297,254675758
297,256815202
297,262436992
297,274173737
297,278534579
297,282950057
297,299238870
297,298471086
297,309907332
297,323536219
297,315281821
297,323399628
297,337714346
297,345173642
297,354004597
297,363274081
297,371528480
297,365220860
297,369854883
297,389381618
297,396538976
297,406850864
297,410689784
297,421604109
297,434026684
297,443104941
297,445572202
297,448616021
297,458242078
297,465044301
297,473298699
297,481415069
297,486325149
297,491699638
297,503217838
297,508537691
297,517094027
297,519753954
297,530284386
297,534947165
297,550688178
297,552662275
297,560670810
297,569747629
297,579675624
297,586394454
297,591494324
297,594594216
297,602655950
297,611404951
297,619659349
297,625472367
297,627666447
297,636579356
297,641104107
297,663976598
297,669214496
297,679826883
297,666581888
297,677414258
297,680458077
297,689891469
297,709060193
297,720496438
297,718988188
297,724664615
297,736402798
297,744602560
297,749483884
297,760589436
297,759685061
297,776386523
297,779677643
297,777428927
297,788233979
297,806744191
297,816808777
297,817851180
297,820565743
297,827806494
297,829587926
297,835649682
297,843300205
297,862606957
297,856353974
297,877936760
297,883229294
297,895651869
297,892278795
297,897078165
297,914794712
297,920416502
297,920305792
297,930261106
297,930946935
297,944439232
297,945810891
297,961744569
297,955162329
297,961715813
297,981872303
298,001864885
298,001919521
297,999643487
298,010091965
298,015466454
298,029151416
298,041630065
298,048183548
298,042013957
298,044344628
298,051556623
298,056685248
298,068092738
298,084464944
298,085891239
298,095215360
298,104046315
298,120034629
298,115619151
298,121734106
298,130015823
298,139039443
298,138298977
298,153710734
298,158866678
298,170384878
298,175539384
298,185083487
298,187579505
298,199782097
298,197012898
298,211272978
298,214591416
298,220213206
298,233212338
298,240973572
298,242947669
298,248378232
298,260005705
298,261979801
298,266970398
298,294586185
298,296287100
298,303005930
298,298645089
298,311589584
298,316443590
298,328263728
298,331280228
298,334214774
298,345485673
298,348420219
298,361254004
298,365422180
298,379409079
298,385744018
298,388649807
298,394162325
298,401019184
298,413112503
298,415443174
298,427783794
298,424356083
298,434475306
298,447227137
298,461241354
298,459678468
298,465436849
298,474569742
298,482220265
298,494862823
298,496536420
298,505283983
298,516692910
298,516061717
298,525715093
298,536931355
298,534682639
298,544554561
298,551082164
298,553192851
298,565067625
298,563093528
298,572608876
298,588542553
298,584374377
298,596029168
298,604750850
298,617035397
298,614952027
298,616185658
298,626332199
298,638345001
298,643390235
298,654771844
298,660502907
298,662367731
298,675969300
298,683401278
298,682058375
298,690147426
298,691355177
298,707782019
298,716804202
298,727718527
298,722891839
298,729692623
298,738359670
298,747902335
298,757830331
298,762657019
298,765591564
298,777300992
298,778918514
298,786927049
298,795290720
298,805629926
298,812458029
298,820466564
298,832861821
298,834288116
298,838840185
298,841747412
298,852825646
298,861463937
298,868923233
298,874846961
298,880359478
298,883814507
298,897663378
298,902462747
298,902271520
298,906630924
298,916367692
298,933616955
298,936222245
298,946368786
298,952210559
298,958132849
298,963372185
298,973326061
298,973107516
298,981827761
298,988135381
298,994415682
299,000969166
299,011088388
299,016189696
299,022058787
299,031684845
299,042571852
299,044957158
299,046108835
299,060836200
299,070214956
299,071475905
299,070351547
299,077290360
299,089960237
299,100737971
299,105755886
299,119906694
299,127585973
299,128874240
299,130959047
299,139213446
299,143436259
299,138500298
299,148399537
299,165073681
299,169461841
299,176701154
299,177441620
299,184133132
299,191619746
299,199572207
299,209445566
299,221238385
299,223842238
299,231384926
299,232261983
299,250964860
299,247373240
299,251705326
299,274330515
299,273973941
299,276168021
299,279677686
299,294075796
299,298655182
299,299395648
299,308308558
299,318675082
299,319277519
299,331618140