300,083579318
300,084374420
300,070388959
300,070361641
300,065096424
300,083333454
300,071211379
300,067536368
300,067947578
300,063368191
300,061476049
300,057335191
300,058514185
300,060982884
300,060762901
300,052481184
300,038028439
300,034929984
300,051136843
300,049766622
300,046832076
300,043293655
300,039070842
300,031831529
300,032242739
300,033531006
300,027004841
300,030679853
300,031063745
300,036547507
300,026099028
300,028567728
300,019107017
300,025249290
300,023191801
300,016034442
300,028567728
300,017597329
300,011263828
300,010439970
300,001692407
300,008273209
300,005778629
300,007752726
299,997742776
299,999964174
299,991051264
299,990448826
299,993903855
299,989817633
300,000156839
299,990996628
299,987021116
299,986965042
299,989186440
299,987761582
299,993849219
299,982796865
299,979451109
299,974871723
299,980795451
299,969469915
299,972814234
299,969797733
299,975173660
299,970894773
299,969990398
299,971389376
299,973665410
299,967521699
299,961817954
299,964559835
299,962010619
299,963244250
299,963846687
299,953865494
299,952246533
299,964505199
299,948105675
299,946735453
299,950930948
299,956086891
299,951506067
299,952273851
299,950465101
299,950354391
299,943005805
299,946433516
299,940893680
299,939330793
299,934668014
299,936807458
299,940701015
299,932941219
299,929484752
299,933325111
299,926277025
299,925509241
299,920187950
299,918186536
299,922081530
299,915608564
299,911988188
299,918817729
299,917500706
299,917089496
299,914704189
299,908889733
299,902500159
299,916898268
299,913991041
299,911878916
299,907463438
299,900662653
299,908478523
299,902911369
299,902336250
299,906722972
299,909164353
299,895233528
299,896219857
299,894409670
299,896357886
299,895150136
299,896412522
299,890790732
299,893012130
299,890050266
299,885003595
299,882261714
299,879574470
299,873540031
299,881905140
299,883138771
299,878450111
299,882289032
299,881795867
299,878477430
299,878777929
299,872608338
299,867945559
299,869537202
299,870166957
299,866246082
299,865642207
299,856072223
299,857196581
299,860651610
299,863064235
299,866931912
299,851107506
299,852506484
299,857196581
299,846473483
299,849571938
299,844472069
299,845376444
299,844115495
299,837149363
299,833639698
299,835257221
299,847461251
299,847350540
299,841180949
299,851190899
299,840659028
299,834791374
299,831390982
299,834351408
299,831966101
299,837149363
299,824342896
299,823382447
299,833283124
299,824945334
299,820145964
299,819982055
299,825685800
299,823300493
299,815539259
299,813894418
299,818555759
299,814140281
299,811205736
299,812632031
299,813372497
299,815950469
299,816581662
299,802951337
299,811233054
299,808436537
299,803775195
299,807148270
299,802951337
299,806187821
299,800784576
299,801663070
299,794011109
299,793983791
299,800346047
299,789842933
299,800949922
299,792750160
299,791269228
299,792832115
299,780272949
299,783673341
299,791489211
299,795821297
299,789568313
299,784988926
299,790419490
299,779916375
299,780848068
299,772950244
299,775418943
299,773252181
299,778379369
299,771771249
299,764585135
299,768700113
299,768918658
299,768068919
299,762994930
299,765107055
299,768068919
299,770838118
299,765874840
299,766724578
299,766506033
299,758635526
299,756714628
299,761897890
299,755233696
299,756330736
299,753808838
299,754549304
299,748350957
299,755755617
299,751285503
299,738231735
299,744428644
299,740535087
299,741906746
299,749173378
299,749913844
299,740096559
299,740398496
299,741604809
299,751560122
299,744566673
299,736723485
299,736119609
299,734474768
299,735406462
299,734502087
299,732088024
299,722654631
299,724821392
299,725369194
299,725891114
299,720131295
299,715826528
299,720187369
299,715304607
299,713083209
299,713523176
299,714152931
299,712810028
299,722736585
299,710533994
299,714702170
299,700304061
299,705816578
299,702552777
299,716758221
299,709436954
299,703047379
299,704637584
299,703842482
299,693750577
299,693064748
299,702745442
299,703458589
299,701182555
299,691501861
299,692049662
299,691885753
299,698055344
299,701566447
299,691967708
299,688183423
299,687388321
299,685796678
299,684645002
299,681382639
299,685880071
299,680504144
299,676445240
299,677898854
299,677460326
299,676499876
299,671563916
299,674005297
299,671947808
299,671536598
299,668136205
299,671318052
299,667259149
299,666464046
299,665394325
299,663886074
299,653162977
299,662459779
299,661253466
299,659525233
299,659799852
299,659195977
299,654891210
299,648500198
299,660045716
299,652779085
299,652697130
299,653108340
299,654862454
299,644606641
299,645730999
299,642275970
299,644881260
299,641206248
299,643071072
299,639423379
299,647486550
299,631607509
299,630703134
299,642741817
299,640245799
299,640493101
299,632979168
299,636104941
299,642521834
299,632513321
299,629002219
299,622228752
299,627631997
299,623353110
299,619019587
299,618882996
299,622667281
299,629111491
299,623737002
299,626891531
299,617018172
299,627110077
299,621735587
299,618937633
299,616443053
299,617018172
299,602976637
299,596313881
299,601852279
299,607173569
299,605116080
299,603389285
299,603416603
299,599796227
299,600234756
299,599219670
299,607282842
299,597986040
299,599741591
299,601386432
299,597822131
299,598835778
299,596203170
299,596477790
299,591157937
299,595133448
299,596093898
299,581641152
299,581695788
299,589127766
299,590855999
299,585754692
299,582108436
299,575196941
299,584055215
299,584493743
299,576897856
299,569191259
299,575142305
299,578295396
299,572893589
299,573277481
299,577747595
299,568943957
299,566009412
299,568560065
299,565406974
299,566969861
299,570260980
299,569163940
299,562581701
299,555533615
299,557096502
299,559072036
299,559153991
299,557207212
299,562279764
299,560854906
299,554820467
299,559976411
299,564391889
299,551776649
299,551474711
299,549116723
299,548705512
299,555287752
299,549253313
299,545441711
299,552271251
299,545579739
299,546813370
299,548266984
299,541822773
299,544564654
299,546704098
299,545523665
299,542863739
299,538037051
299,537598523
299,534993233
299,532305988
299,538037051
299,536117591
299,530797738
299,521089726
299,522817959
299,524819374
299,533430346
299,526986135
299,528412431
299,521720919
299,520569243
299,517634697
299,517250805
299,517963953
299,515659163
299,507240855
299,513905049
299,514316259
299,501646383
299,506143815
299,508996407
299,518127862
299,514590879
299,511601697
299,507926685
299,498300627
299,500000104
299,497094314
299,500220087
299,494927553
299,497039678
299,498245991
299,494269041
299,492240308
299,492842746
299,497285542
299,496435803
299,497010922
299,495804610
299,485164904
299,486562444
299,484424438
299,485740023
299,485630751
299,487742876
299,487358984
299,484781012
299,482148404
299,480172870
299,484013228
299,474551079
299,473619386
299,476170040
299,474441807
299,480228944
299,471891153
299,473728659
299,472988193
299,466900556
299,469176590
299,471123369
299,474085233
299,470164357
299,463938692
299,463691391
299,467559067
299,464843067
299,462155822
299,458014964
299,458892021
299,456204776
299,455957475
299,457192544
299,458289584
299,455217009
299,456890606
299,459743197
299,457794981
299,454092651
299,453462896
299,444797287
299,449376674
299,443178326
299,441231548
299,447209912
299,442876389
299,436652161
299,434074189
299,432318638
299,444468031
299,445838253
299,440107190
299,432071337
299,446112872
299,444741213
299,436788752
299,436240951
299,438955514
299,435089275
299,436020968
299,435389774
299,437749201
299,429356774
299,430673797
299,423269137
299,420882392
299,424420813
299,422308688
299,419046324
299,420170682
299,421924796
299,423405728
299,423351092
299,425106643
299,422939881
299,416632261
299,409694886
299,407773988
299,407417414
299,414274273
299,413917699
299,414246954
299,407116914
299,410270005
299,408514454
299,410955835
299,409420266
299,410462670
299,402481453
299,399328362
299,407500806
299,405497953
299,401659033
299,405334045
299,397490856
299,402508771
299,390662753
299,389016475
299,389236458
299,391594447
299,395598714
299,390908617
299,391210555
299,390470089
299,387097014
299,398285959
299,390388134
299,384739026
299,391292509
299,376017343
299,383915167
299,380378184
299,381393270
299,380185519
299,379117235
299,373604718
299,379061161
299,378951889
299,378677269
299,368585365
299,371492592
299,367762944
299,363594768
299,371437956
299,371163337
299,364801080
299,372315013
299,367544399
299,368996575
299,366775177
299,361126069
299,357067165
299,352625807
299,353448227
299,355367688
299,355340369
299,354050665
299,361566035
299,355642307
299,363704040
299,363156239
299,352378505
299,351829267
299,347579136
299,360085103
299,353475545
299,341518817
299,344260698
299,342834402
299,343602186
299,347167925
299,349553232
299,354709176
299,348648857
299,343602186
299,340503732
299,339572038
299,340256430
299,335540453
299,334854623
299,340174476
299,340285186
299,336088254
299,327615310
299,333648311
299,338282334
299,335320470
299,330795719
299,332742498
299,330741083
299,333291737
299,321033071
299,325639776
299,322952531
299,321992082
299,321335008
299,319854076
299,318482417
299,321033071
299,316453684
299,316042474
299,312805990
299,311215786
299,301123881
299,315465917
299,312504053
299,314286922
299,306800308
299,311050439
299,310775820
299,306634961
299,303125296
299,302164847
299,303152614
299,301973620
299,308883677
299,303316523
299,302932631
299,296790358
299,299231739
299,295940620
299,296104529
299,291195886
299,297832762
299,295556727
299,297887398
299,296077210
299,289029124
299,293855812
299,287986721
299,295829909
299,292374880
299,288315977
299,286396516
299,282146385
299,285765323
299,276688504
299,279650368
299,277154351
299,279595732
299,280967391
299,275400237
299,274385152
299,271368651
299,269338480
299,265252259
299,274521742
299,274137850
299,269449191
299,277401652
299,268241441
299,269585782
299,269833083
299,265719543
299,276195339
299,270271611
299,267035128
299,267639003
299,269751129
299,261358701
299,265115668
299,266789265
299,267968259
299,259548514
299,264156656
299,256395423
299,254228661
299,258835366
299,266925855
299,246933274
299,250306348
299,251130206
299,254092070
299,247180575
299,251102888
299,254530599
299,254201343
299,258342201
299,253488195
299,247207893
299,245397706
299,250444377
299,244657240
299,247646422
299,245836234
299,243121671
299,234263398
299,245370387
299,240654410
299,243450927
299,240982228
299,233633642
299,235800404
299,235855040
299,245068450
299,233770233
299,236786733
299,233551688
299,226996766
299,227984534
299,229108892
299,226585556
299,232425892
299,230205932
299,229547420
299,226667511
299,227544568
299,221840823
299,224171493
299,224582704
299,214683464
299,213641061
299,219126260
299,221758868
299,218633095
299,220469163
299,220497919
299,219592107
299,220168664
299,218056538
299,217425345
299,216548288
299,209911413
299,203685747
299,208650464
299,211694282
299,211585009
299,205057406
299,211008452
299,207553424
299,206840276
299,208046588
299,209554839
299,201904315
299,205084725
299,204371577
299,201738969
299,199984855
299,193786508
299,192414848
299,193375297
299,197022991
299,194992820
299,198777105
299,195185485
299,192607513
299,190742689
299,192853377
299,193704553
299,191017309
299,187451570
299,184653615
299,182706836
299,189261757
299,186354530
299,184846280
299,181391251
299,183969223
299,185943319
299,185422837
299,180678103
299,172889551
299,168199454
299,180430802
299,176426534
299,179224489
299,175001676
299,175933370
299,171901784
299,167842880
299,166279994
299,175165585
299,171326665
299,167624335
299,167047778
299,167486306
299,171381301
299,168803329
299,155256396
299,160712840
299,156983192
299,149689242
299,153034998
299,150648254
299,153582799
299,155283714
299,158547516
299,156653936
299,158162186
299,154295947
299,156270044
299,146918605
299,147769782
299,146014230
299,147358572
299,144012816
299,146672742
299,146534713
299,147413208
299,147385890
299,145603020
299,144067452
299,143738196
299,141380207
299,142805065
299,139240764
299,148894140
299,147769782
299,147329816
299,152651106
299,143765514
299,129148860
299,134934559
299,139597338
299,136992048
299,140008548
299,134907241
299,130191263
299,140035866
299,125144592
299,126516251
299,135565752
299,123690978
299,123636342
299,124294854
299,131232229
299,128710331
299,125391893
299,125364575
299,117081421
299,121962745
299,115875108
299,120510569
299,119275501
299,115738517
299,117576023
299,109678199
299,118316489
299,112885926
299,118727700
299,116397029
299,117164813
299,110500619
299,113735665
299,111514267
299,115299989
299,118151143
299,110253318
299,129121541
299,099668249
298,287730764
299,106359761
299,103259868
299,098982419
299,100599942
299,095993237
299,100901880
299,103452533
299,096267857
299,094457669
299,089247089
299,091879697
299,087272992
299,087711521
299,084283810
299,086833026
299,083789208
299,080416133
299,079429804
299,072463673
299,069419854
299,076906468
299,081376582
299,079044474
299,074492406
299,071284678
299,060643535
299,068843297
299,063496126
299,071557860
299,067993558
299,059300632
299,060314279
299,063276143
299,050469676
299,049783846
299,053404222
299,051237460
299,051814017
299,055762211
299,045862971
299,049509227
299,045341051
299,047233193
299,052225227
299,051539398
299,048604852
299,047371221