294,146459803
294,154028372
294,155729287
294,163215901
294,174843374
294,180163227
294,177750602
294,184742614
294,202513797
294,201032865
294,208355570
294,215896821
294,221682520
294,235504073
294,231555879
294,234215806
294,244116483
294,247187620
294,252370881
294,275598509
294,285581140
294,288075720
294,291832686
294,308315603
294,308945358
294,306560051
294,312702324
294,325482911
294,338536679
294,341223924
294,346598413
294,349149067
294,358253204
294,367138795
294,371965483
294,376737535
294,382935882
294,384306104
294,398566185
294,405668907
294,411839936
294,421164056
294,423467409
294,422261096
294,432160335
294,442554177
294,453497258
294,456650349
294,458597128
294,463973055
294,472584027
294,474530806
294,484622710
294,494385358
294,502503166
294,499048137
294,511718014
294,524633753
294,521562617
294,521426026
294,539772329
294,545914602
294,553155353
294,550000824
294,559050325
294,572516741
294,575751786
294,581784787
294,580057992
294,582772554
294,598540885
294,607015267
294,614885773
294,620946092
294,629036581
294,626513246
294,631037996
294,640061617
294,640170889
294,655911902
294,667621329
294,669158335
294,672804591
294,682677950
294,696033656
294,689478735
294,706755316
294,707906992
294,711418095
294,718795436
294,720906124
294,727049835
294,735193523
294,749755541
294,746327831
294,749180422
294,762809310
294,768075964
294,780333192
294,779976618
294,784200869
294,786888113
294,789602676
294,797500500
294,803946149
294,817191144
294,827777651
294,830985379
294,838308084
294,845465442
294,849660937
294,848427306
294,856243176
294,871682252
294,876865513
294,879882014
294,882679969
294,893374310
294,900176533
294,901382845
294,905962232
294,916603375
294,918879410
294,925598240
294,927243081
294,933907275
294,941557798
294,957738777
294,963195220
294,969859414
294,964759545
294,971998858
294,977484057
294,987494007
294,988700319
295,003042355
295,006142247
295,006169566
295,011927947
295,029561102
295,034826318
295,036307250
295,043657273
295,046180609
295,053969161
295,058137337
295,069572145
295,071958890
295,086822846
295,079445504
295,088633033
295,097187932
295,097298642
295,109611944
295,116110791
295,119483866
295,120773570
295,133716628
295,136596538
295,145125556
295,151213192
295,156780346
295,160591949
295,166379086
295,172220859
295,180721121
295,183821014
295,190429134
295,192513941
295,205238453
295,212149948
295,212779704
295,221665296
295,232059138
295,238750650
295,239025269
295,238777968
295,249719611
295,251968327
295,262636788
295,267106902
295,268669789
295,283697654
295,278761693
295,287345347
295,299138167
295,310929548
295,313534838
295,308324258
295,317264486
295,324339890
295,330894812
295,339121892
295,349459660
295,356591138
295,351187893
295,358099388
295,358756462
295,374224293
295,378474424
295,383026492
295,385275209
295,388840948
295,406639449
295,409765222
295,418898115
295,421558042
295,425862809
295,440781401
295,442454998
295,457948710
295,459538914
295,467300148
295,459840852
295,469083018
295,472072200
295,477968609
295,486826883
295,491926753
295,492503310
295,511973971
295,519213284
295,517568443
295,514853880
295,525520904
295,530951467
295,538026871
295,550751383
295,548968514
295,554179094
295,563064686
295,571950277
295,566656305
295,572636107
295,579464210
295,594875967
295,598167087
295,603624968
295,610836963
295,613908099
295,624027322
295,629676430
295,633571425
295,642100443
295,639495153
295,651890410
295,659924825
295,664340303
295,674734145
295,676133122
295,672294202
295,687322067
295,697825181
295,696344249
295,700759727
295,710056529
295,716857314
295,719873814
295,716693405
295,723521507
295,741840492
295,738604009
295,751082658
295,752782135
295,760488732
295,768852404
295,773158609
295,777847268
295,779520865
295,782016882
295,795097969
295,798552997
295,801898753
295,818216323
295,817173920
295,828746756
295,830116977
295,829705767
295,841196649
295,840154245
295,849314457
295,857103009
295,868044652
295,869470947
295,874626891
295,879837471
295,882606670
295,884993415
295,891108370
295,892287364
295,908466905
295,923248907
295,926183452
295,930762839
295,929913101
295,938989919
295,944804375
295,948012102
295,960161495
295,958762518
295,960408797
295,970116809
295,979084355
295,988381157
295,981031134
295,985363219
295,999268164
296,007000642
296,010621017
296,026636649
296,028748775
296,032889633
296,025073763
296,041993770
296,046765822
296,053182714
296,068403244
296,067442795
296,070104159
296,071310472
296,078111256
296,080798501
296,082115524
296,090726496
296,101504230
296,113872169
296,123196289
296,119959806
296,114119470
296,130819494
296,136359330
296,141679183
296,146698536
296,147986803
296,154925616
296,168363276
296,167759401
296,173957748
296,171900259
296,191288966
296,197678540
296,202066700
296,198035114
296,207415308
296,210157189
296,218548179
296,236785209
296,238595396
296,228312265
296,234290629
296,247288323
296,254172500
296,263249319
296,258779205
296,263660529
296,274136326
296,273506570
296,288232498
296,290590486
296,298215129
296,304933959
296,310774295
296,317274580
296,326735291
296,322183222
296,330876149
296,337129133
296,341215355
296,350046310
296,347275674
296,352568208
296,372478835
296,374836824
296,380403978
296,384106308
296,391318303
296,399518065
296,405934957
296,401109707
296,409226077
296,415506379
296,426804596
296,430068397
296,439063262
296,440160302
296,444493825
296,449402467
296,455244241
296,456943718
296,472493504
296,479321606
296,485409243
296,482448817
296,481241067
296,491991483
296,490949079
296,500547819
296,510914342
296,514589354
296,525612952
296,528711406
296,540202288
296,535732174
296,543218788
296,544865067
296,557260324
296,562909432
296,562634813
296,576183184
296,579720167
296,585205366
296,591786168
296,594968015
296,607473982
296,599520083
296,609118823
296,619265364
296,627849018
296,630015780
296,634951740
296,638983326
296,646387986
296,650940054
296,656150634
296,657658884
296,658344714
296,665665982
296,685356626
296,689552120
296,688922365
296,691362308
296,692459348
296,692597376
296,707652560
296,708968145
296,719554652
296,725258396
296,736310750
296,737626335
296,742591052
296,746182671
296,764310429
296,748513342
296,759456422
296,769794190
296,776239839
296,775004770
296,781285072
296,788964351
296,793023255
296,800344523
296,805775086
296,808764268
296,816716729
296,824230661
296,826315468
296,838272197
296,836571282
296,846335368
296,845922720
296,854233193
296,863200739
296,867588898
296,871757075
296,878887115
296,885222053
296,881410451
296,894655446
296,900415265
296,910369141
296,899866026
296,919309369
296,913962198
296,920022517
296,919720579
296,927481813
296,936998598
296,944923741
296,947007110
296,964421720
296,967356266
296,961268629
296,964530993
296,974075096
296,984523574
296,990967785
296,991955552
296,999387530
297,001059689
297,012193997
297,011700832
297,020009867
297,017184594
297,024123407
297,031802687
297,042140454
297,037615704
297,042935557
297,052259677
297,069372349
297,071704457
297,068138718
297,081521742
297,079820827
297,092545340
297,096960817
297,103926949
297,114018853
297,111220898
297,115225166
297,117008035
297,126277519
297,140262981
297,141661958
297,142731680
297,153014811
297,159817034
297,159405823
297,167220256
297,168126068
297,176325831
297,182386149
297,190338610
297,195357963
297,196427685
297,200814407
297,207561993
297,226676080
297,223576187
297,225797585
297,233970029
297,238605490
297,246394042
297,252454360
297,254894304
297,257883486
297,259173191
297,266221277
297,279686255
297,281413050
297,276477090
297,289585494
297,291039108
297,297128183
297,300473939
297,307713252
297,314020872
297,329707248
297,336206095
297,333600805
297,334479300
297,341334721
297,352496347
297,346847239
297,355238228
297,358967876
297,365000876
297,370842650
297,381593066
297,386610981
297,382224259
297,385513941
297,395249271
297,404409483
297,407234756
297,425031820
297,426540070
297,432463798
297,435123724
297,442748367
297,440883543
297,452867589
297,454210493
297,466909125
297,463123403
297,471570466
297,473051398
297,481305797
297,482018944
297,487476826
297,495429287
297,506207021
297,511883447
297,502943219
297,513968254
297,506536276
297,525513772
297,532780404
297,533136978
297,550852087
297,553731996
297,551264735
297,562808815
297,563989248
297,566483827
297,576357186
297,581513130
297,591055795
297,592865983
297,586942255
297,588643170
297,599146285
297,608552360
297,614421451
297,625308458
297,628956151
297,633617493
297,630628310
297,632849708
297,641433363
297,647055153
297,651196011
297,661042052
297,666909706
297,669158422
297,671654439
297,682486810
297,680923923
297,684873554
297,693429890
297,707469988
297,710020642
297,711583528
297,716876063
297,727653797
297,728203036
297,734181400
297,741229486
297,751457981
297,752225765
297,749620475
297,759137260
297,765608789
297,772629557
297,777456245
297,774165125
297,780198126
297,786478427
297,799450241
297,796844951
297,801040446
297,804660821
297,815493192
297,820949635
297,825858277
297,825474385
297,830273755
297,838089625
297,846207433
297,855997400
297,855613508
297,866116622
297,863840588
297,877689459
297,882516146
297,883201976
297,880898624
297,892773398
297,905168654
297,899437591
297,910213888
297,908623683
297,912846496
297,918413650
297,927903117
297,928094344
297,936732634
297,941586641
297,940791538
297,952309738
297,960866074
297,954229199
297,967941478
297,973317405
297,978389957
297,980172826
297,983107372
297,999123004
297,998355220
297,995366038
298,005319914
298,012642619
298,020376535
298,030275774
298,022789160
298,032497172
298,033758121
298,038584809
298,046044105
298,044619247
298,063238731
298,069273170
298,070068272
298,078404625
298,078597290
298,082929375
298,090388672
298,093104672
298,086111222
298,099356218
298,115317214
298,118526379
298,122913101
298,131469437
298,137118545
298,128534891
298,141397432
298,149349893
298,146278756
298,151352746
298,160704184
298,161828542
298,169917594
298,177651509
298,174798918
298,180036816
298,185905908
298,189855539
298,193887125
298,204335603
298,209078899
298,212013444
298,217278661
298,217800581
298,219308831
298,241494055
298,237462469
298,249830408
298,249227971
298,252024488
298,267794257
298,262829540
298,271578541
298,285289383
298,282027019
298,293215963
298,284659627
298,297548049
298,300098703
298,307146788
298,313043198
298,316250926
298,324561398
298,327823762
298,331609484
298,339369280
298,341152150
298,347075877
298,359225271
298,360293555
298,367068459
298,366491902
298,373814607
298,375184829
298,386648392
298,384290404
298,397371490
298,393696478
298,405789798
298,410068684
298,416760197
298,421970777
298,426468209
298,423753646
298,435270408
298,433598249
298,446186171
298,447008591
298,456112728
298,460308223
298,461214036
298,473856594
298,474542424
298,476023356
298,485731368
298,487376209
298,494862823
298,501417744
298,497522749
298,503583068
298,515211978
298,526976042
298,532461241
298,526701422
298,528758911
298,534244111
298,542087299
298,547270561
298,555332295
298,559775090
298,557389784
298,566219301
298,580315473
298,584099757
298,583441246
298,591586372
298,586897712
298,591422463
298,600719265
298,605682544
298,603954310
298,611249698
298,619147522
298,632805166
298,645804298
298,650438321
298,647805712
298,647640366
298,652221190
298,656060111
298,660777526
298,672432317
298,672075743
298,671362595
298,677917516
298,678245334
298,690120108
298,687680165
298,691409813
298,703641161
298,709454178
298,717050065
298,720999696
298,725497129
298,731448175
298,731804749
298,745790210
298,748779392
298,749328631
298,754237273
298,756349399
298,769430485
298,769348531
298,774859610
298,779165816
298,788133362
298,787172913
298,784321759
298,799678880
298,788187998
298,802722698
298,807522068
298,810702477
298,823619655
298,823372354
298,835356400
298,836975361
298,847285810
298,845009776
298,850658885
298,851619334
298,860504925
298,874984989
298,875532790
298,868402750
298,875396200
298,886612462
298,896840957
298,889163116
298,915187260
298,915297970
298,918643726
298,917546686
298,917875942
298,923003130
298,925335238
298,934137438
298,932601870
298,943406922
298,944640552
298,949248695
298,948590184
298,973216788
298,974532373
298,980594130
298,990904580
298,988848528
298,984021840
298,987202250
299,001820342
298,999104342
299,003245200
299,015010701
299,018575003
299,020741764
299,022717299
299,033520913
299,035496447
299,041720675
299,051264778
299,046492727
299,048988744
299,057708989
299,068404769
299,068514041
299,072134417
299,075589445
299,083432634
299,089329043
299,099722885
299,091495805
299,100627260
299,106221732
299,113819057
299,116286319
299,116642892
299,123225132
299,131370258
299,136031599
299,139404673
299,149523895
299,154543248
299,157834368
299,167871636
299,163785414
299,163565431
299,171901784
299,189947587
299,174645103
299,181309296
299,181609796
299,194252354
299,201820923
299,198063957
299,207828043
299,209390930
299,230917642
299,231439562
299,231932727
299,237143307
299,241942677
299,246248882
299,249456609
299,256806633
299,260370934
299,263250844
299,268654089
299,272054481
299,281295209
299,284586329
299,288370613
299,296954267
299,294623597
299,306854944
299,307568092
299,310995803
299,313573775
299,325310520
299,324817355
299,327531918
299,333593674
299,343658260
299,344206061
299,347004016
299,357945659
299,363567450
299,367680990
299,369380467
299,371547229
299,386904349
299,384107832
299,387069696
299,395242140
299,401247823
299,402070243
299,408377863
299,419730716
299,422308688
299,417208818
299,421678932
299,430481132
299,441779349
299,444988514
299,456917924
299,452940975
299,453956060
299,456204776
299,471945789
299,469889738
299,477705608
299,479543114
299,480090915
299,486316580
299,485630751
299,494050496
299,497148951
299,503456571
299,504826792
299,513493839
299,512971918
299,516564975
299,527397346
299,533979585
299,537982415
299,548047001
299,554190712
299,552982962
299,556439428
299,562061218
299,566640605
299,576814464
299,578104169
299,585536147
299,596970954
299,595435386
299,601935671
299,608023308
299,611232473
299,613590462
299,621297059
299,613370479
299,618581059
299,625985718
299,632046037
299,637229299
299,643180345
299,650475732
299,656590687
299,653108340
299,660676909
299,665310932
299,671865853
299,678666638
299,679818314
299,690294111
299,688703906
299,691775043
299,695038844
299,700222106
299,699974805
299,710615948
299,718541091
299,719501540
299,722052194
299,721366364
299,733487001
299,740480451
299,751285503
299,757427776
299,755042469
299,760060384
299,764613891
299,766286050
299,771441993
299,778324733
299,783042148
299,785538165
299,791214592
299,796479808
299,808573127
299,806187821
299,811946202
299,807805343
299,813976372
299,816965555
299,825329226
299,827084777
299,834544073
299,842551170
299,853576206
299,841454131
299,839645381
299,858814104
299,858566803
299,868110906
299,873678060
299,877516981
299,874445844
299,882425623
299,885360169
299,888842516
299,909850183
299,910096046
299,911715007
299,914182268
299,922793240
299,923233207
299,925098031
299,933625611
299,933845594
299,939056174
299,953865494
299,958801454
299,961954545
299,974899041
299,980740814
299,965547602
299,971278665
299,970374290
299,994260429
299,993794582
299,991875122
299,991105900
299,997688140
300,005340101
300,012086249
300,014664221
300,023961023
300,028458455
300,033201751
300,033476370