296,993738422
296,995301308
296,997111496
296,996589575
296,992696018
296,988500523
296,994752069
296,984414301
296,982356812
296,992530671
296,984057727
296,985675250
296,981890966
296,983015324
296,985291358
296,987512756
296,972264908
296,986086461
296,980190051
296,977584761
296,972814147
296,972841465
296,975363363
296,977393534
296,981616346
296,979093011
296,975719937
296,969988874
296,969166453
296,968151368
296,976927687
296,981752937
296,974924834
296,976049192
296,972814147
296,966752390
296,970509357
296,965682669
296,968864516
296,959951606
296,962447623
296,957839481
296,966039243
296,972264908
296,972428817
296,964421720
296,961816430
296,961514492
296,966807027
296,965820697
296,950216275
296,949777747
296,956907787
296,953096185
296,947638304
296,953809333
296,956551213
296,949255826
296,960144271
296,960115515
296,957428270
296,957373634
296,953725940
296,959265776
296,953068867
296,946293962
296,955042963
296,952026463
296,952163054
296,952958156
296,946650536
296,950270912
296,948460724
296,940699490
296,943908655
296,938863422
296,941989195
296,938945377
296,937162507
296,940042417
296,943004280
296,945169604
296,942291133
296,938341501
296,944841786
296,945526178
296,936723979
296,938807348
296,938918058
296,937766382
296,945444224
296,942784297
296,933487495
296,929703211
296,934886473
296,931431444
296,939081967
296,937628354
296,932583120
296,927234512
296,923120972
296,933487495
296,924767250
296,926357455
296,933624086
296,933652842
296,927893023
296,927399859
296,932499728
296,926110154
296,935983513
296,935488910
296,932144592
296,931266097
296,914620710
296,921037602
296,915168511
296,912919795
296,920599074
296,914180743
296,913496352
296,917910392
296,915854340
296,919693261
296,921339540
296,923806801
296,919172778
296,920049835
296,910671078
296,915881659
296,918157693
296,919254733
296,925096506
296,924767250
296,916072886
296,913934880
296,917307954
296,921064920
296,916649443
296,909464766
296,903486402
296,917335272
296,898741668
296,899016288
296,898412413
296,907298004
296,911356908
296,903924930
296,903019117
296,902580589
296,897891930
296,905624407
296,897699265
296,904363459
296,903019117
296,904226868
296,905405862
296,902964481
296,895725168
296,908751618
296,892626713
296,894957384
296,898330458
296,903513720
296,905899027
296,892270139
296,895807123
296,890980435
296,895450549
296,897891930
296,891118463
296,887278105
296,895643214
296,894024253
296,893640361
296,902553271
296,891173099
296,888402463
296,891446281
296,894051571
296,898796305
296,893065242
296,888375145
296,893010605
296,891831611
296,878832479
296,894326191
296,889417548
296,882726036
296,892186747
296,886621031
296,886017156
296,889060974
296,883986985
296,882507491
296,886237139
296,874964802
296,878201286
296,874800893
296,878503223
296,878503223
296,871646364
296,872799479
296,874635547
296,866903069
296,874060427
296,865724074
296,869124467
296,873813126
296,875843297
296,882150917
296,877022291
296,873127296
296,876774990
296,865422137
296,869013756
296,867889398
296,871345865
296,868329364
296,874828212
296,867916716
296,872304876
296,869508359
296,871839029
296,860650085
296,873238007
296,874526274
296,873813126
296,864077796
296,862596864
296,861417869
296,863529995
296,866326512
296,863941205
296,858839897
296,862460273
296,861499824
296,860897386
296,866435784
296,865640682
296,860430102
296,859087199
296,859005244
296,859032562
296,858072113
296,867314279
296,867616217
296,862789529
296,856152653
296,850037698
296,865724074
296,858867216
296,864872898
296,855741443
296,853054198
296,849570414
296,852039113
296,847514362
296,850694772
296,847157789
296,855548778
296,852888851
296,855686806
296,850749408
296,852614232
296,841563316
296,840520913
296,844250561
296,854753675
296,855055613
296,847541681
296,852861533
296,845072981
296,844141288
296,850146971
296,850008942
296,848911902
296,845154936
296,848282147
296,845594902
296,846499277
296,849899669
296,843098885
296,839560464
296,840520913
296,846197339
296,843071567
296,839698492
296,846855851
296,832266514
296,834789850
296,834240611
296,841781862
296,836078117
296,835090350
296,846965124
296,836298100
296,831498730
296,833170889
296,835446924
296,834817168
296,836571282
296,839643856
296,835914208
296,837367822
296,838079532
296,832623088
296,833527463
296,832952344
296,839369237
296,837065884
296,840493595
296,824998445
296,823930161
296,829277332
296,820200513
296,828618821
296,827905673
296,827796400
296,825520366
296,825958894
296,838985345
296,828700775
296,829524634
296,814879223
296,829250014
296,827905673
296,816771365
296,826233514
296,818746900
296,822531184
296,824396008
296,830976810
296,828207611
296,826370105
296,829030031
296,831498730
296,828234929
296,821708763
296,828071020
296,821681445
296,821406826
296,824341372
296,825411093
296,821434144
296,821104888
296,816827439
296,819376655
296,810738365
296,812741217
296,812521234
296,817375240
296,819267382
296,826835951
296,827851037
296,821379508
296,814797268
296,809559370
296,820227832
296,818692263
296,820419059
296,819569320
296,819953212
296,812055388
296,808462330
296,811698814
296,812301251
296,817704496
296,806295569
296,804485381
296,806268250
296,813398291
296,808215029
296,810958348
296,812384643
296,811478831
296,806378961
296,804623410
296,812055388
296,804514137