294,528117538
294,533930555
294,530064316
294,534177857
294,558091313
294,562999956
294,565414019
294,568292490
294,573228451
294,587406577
294,598431613
294,601284204
294,605698244
294,616421341
294,617436427
294,634740326
294,641815730
294,647575549
294,654678271
294,659284976
294,672229472
294,680949717
294,694387377
294,696636093
294,701819355
294,704972446
294,720549550
294,725980113
294,728036164
294,733137472
294,744517643
294,750030161
294,762781991
294,762425417
294,770077379
294,784694033
294,793086460
294,790727034
294,798708251
294,809429911
294,819521815
294,824293867
294,830710759
294,831205362
294,847905386
294,860356717
294,862139586
294,865347314
294,869351581
294,872176854
294,881637565
294,894362078
294,913312256
294,923322205
294,922416393
294,933303399
294,944766963
294,943669923
294,954694958
294,953843782
294,961577698
294,965609283
294,987437933
294,982474654
294,980609830
294,993581644
295,007375878
295,010639680
295,017385828
295,023966629
295,032742949
295,042505597
295,043466046
295,049306382
295,057835400
295,060522644
295,066611719
295,079500140
295,084765357
295,103879444
295,107527137
295,114959115
295,124503219
295,123708116
295,136048737
295,135774117
295,143508033
295,157493494
295,162867983
295,177320729
295,177458758
295,182778610
295,190840344
295,198712288
295,199423998
295,207623760
295,211326090
295,224545205
295,228329490
295,240890093
295,234719064
295,242616889
295,261676339
295,274538880
295,278679739
295,278514392
295,290965723
295,285837097
295,304759957
295,302538559
295,318910765
295,319979049
295,329331925
295,342740830
295,354917541
295,356673092
295,360457377
295,367807400
295,372743361
295,380695822
295,386428323
295,389910669
295,399096761
295,397260693
295,410698353
295,429510503
295,439438498
295,436065424
295,435241566
295,441521867
295,450900624
295,464448995
295,464667540
295,472921938
295,475883802
295,488307815
295,496122247
295,506570726
295,522038557
295,525302358
295,532130461
295,525164330
295,539425848
295,549708980
295,548557304
295,558621890
295,567946010
295,573047317
295,575103368
295,585661119
295,597399302
295,602691837
295,604447388
295,613249588
295,620819594
295,628470118
295,627729652
295,634557755
295,644787688
295,648297353
295,664778831
295,670127440
295,676160440
295,682302714
295,686143072
295,697934454
295,698429056
295,710631648
295,718694819
295,725440968
295,733997304
295,735614827
295,737534287
295,743952617
295,759611676
295,761503818
295,771512330
295,779822802
295,788295746
295,795563815
295,802501191
295,805792310
295,804667952
295,811854067
295,814705220
295,836260688
295,835986069
295,848354008
295,852385593
295,865439362
295,863492583
295,870018748
295,879617488
295,881920840
295,885377307
295,901720757
295,907096684
295,915241810
295,919573895
295,920177770
295,934217868
295,945572159
295,950260818
295,957008404
295,966578388
295,972967962
295,977767332
295,982868640
295,985446611
296,003929505
296,000913005
296,012403887
296,019068080
296,027213206
296,028858047
296,038264122
296,045148299
296,031354065
296,046189265
296,057680146
296,066813040
296,081045802
296,086996848
296,090260650
296,100653054
296,104849986
296,111458106
296,123087016
296,120590999
296,132575046
296,133040892
296,142914251
296,160794707
296,162357594
296,168692532
296,178016652
296,183913062
296,193071835
296,195457142
296,210459127
296,201189643
296,205221229
296,209553314
296,222990974
296,226665986
296,239226590
296,242461635
296,245039607
296,256283188
296,253513989
296,279896145
296,286476946
296,280307355
296,292538703
296,295527885
296,301972096
296,309238727
296,315189773
296,317767745
296,322046632
296,333152184
296,346589844
296,342641650
296,350814094
296,357094396
296,373493920
296,369735516
296,378648426
296,386025768
296,392278752
296,393594337
296,397380059
296,413010361
296,421841317
296,423926124
296,432673687
296,442985575
296,442217791
296,450444871
296,458644633
296,457272974
296,470546725
296,476743634
296,485793135
296,499450779
296,497422046
296,507486632
296,516206877
296,520183826
296,524790531
296,527532412
296,547552312
296,545878715
296,548567397
296,552680937
296,556656449
296,552049744
296,568613177
296,578788474
296,580899161
296,594529487